P: 1
Gaussian Elimination
0.000073
0.000883
0.005162
0.033885
0.236062
1.892114
15.033303
118.849473
949.328595
P: 1
Pipelined Gaussian Elimination
0.000124
0.000697
0.008290
0.032445
0.236559
1.868575
15.007333
119.316208
949.238407
P: 2
Gaussian Elimination
0.000139
0.000396
0.005490
0.016820
0.121940
0.957433
7.665704
60.971784
485.654603
P: 2
Pipelined Gaussian Elimination
0.000146
0.000375
0.002782
0.015551
0.122648
0.957981
7.662732
60.924691
484.625476
P: 4
Gaussian Elimination
0.000329
0.000596
0.002605
0.018473
0.120211
0.932374
7.446726
58.975590
468.675474
P: 4
Pipelined Gaussian Elimination
0.000313
0.000600
0.002523
0.017095
0.119013
0.934324
7.414550
58.996821
470.018423
P: 8
Gaussian Elimination
0.001415
0.002007
0.004983
0.024872
0.167232
1.174951
8.312522
64.585363
482.380602
P: 8
Pipelined Gaussian Elimination
0.001083
0.001555
0.006873
0.044630
0.222355
1.279926
9.770436
64.128273
509.185117
P: 16
Gaussian Elimination
0.002739
0.008992
0.014519
0.053533
0.195365
1.125776
8.506560
64.577163
486.457294
P: 16
Pipelined Gaussian Elimination
0.003079
0.005886
0.008627
0.042318
0.249790
1.459301
10.013102
78.922299
509.979915
