P: 2
Add Numbers Naive
0.000319
0.000805
0.001261
0.002406
0.006029
0.009606
0.019864
0.038042
0.076430
0.152524
0.305374
0.607599
1.218030

Add Numbers Recursive

0.000436
0.001104
0.001513
0.002372
0.004767
0.009564
0.018982
0.037962
0.076160
0.152030
0.305578
0.607906
1.216854

Add Numbers Reduce
0.000408
0.000809
0.001508
0.002411
0.004821
0.009583
0.019181
0.038311
0.076532
0.152976
0.306139
0.612472
1.225096
P: 4
Add Numbers Naive
0.000235
0.000877
0.001426
0.001548
0.003249
0.006205
0.012727
0.024572
0.048706
0.097857
0.197602
0.399318
0.780325

Add Numbers Recursive

0.000488
0.000462
0.000825
0.001568
0.003210
0.006193
0.012275
0.024327
0.049145
0.097947
0.194183
0.407124
0.832949

Add Numbers Reduce
0.000247
0.000471
0.000887
0.001598
0.003197
0.006202
0.012272
0.024480
0.048725
0.114488
0.193117
0.401727
0.783422
P: 8
Add Numbers Naive
0.000743
0.000668
0.001338
0.002516
0.023690
0.009302
0.019176
0.024854
0.048583
0.096525
0.196909
0.391312
0.804080

Add Numbers Recursive

0.000658
0.000655
0.001513
0.002645
0.003328
0.009490
0.014954
0.024644
0.050128
0.102409
0.199087
0.386506
0.785891

Add Numbers Reduce
0.000404
0.000846
0.001890
0.003382
0.010039
0.008833
0.019102
0.030498
0.048696
0.097231
0.196105
0.403606
0.803099
P: 16
Add Numbers Naive
0.001302
0.001387
0.002048
0.003146
0.006385
0.009004
0.015921
0.037891
0.050081
0.101246
0.210150
0.408255
0.786714

Add Numbers Recursive

0.000892
0.000975
0.001944
0.002970
0.004190
0.011226
0.013662
0.030622
0.049993
0.117038
0.207990
0.395883
1.392167

Add Numbers Reduce
0.001237
0.001231
0.002376
0.003928
0.005237
0.010165
0.012953
0.029189
0.056077
0.101149
0.206037
0.390376
0.814850
