P: 2
Add Numbers Naive
0.000301
0.000958
0.001517
0.003039
0.004867
0.009558
0.019100
0.038793
0.076547
0.152500
0.304732
0.612819
1.224692

Add Numbers Recursive

0.000307
0.000984
0.002605
0.002804
0.004806
0.009594
0.019042
0.038369
0.076420
0.152439
0.306157
0.609620
1.223880

Add Numbers Reduce
0.000305
0.000596
0.001507
0.002383
0.004841
0.011378
0.019140
0.038271
0.076506
0.152993
0.305868
0.612418
1.225431
P: 4
Add Numbers Naive
0.000384
0.000380
0.000816
0.001526
0.003240
0.006209
0.012453
0.024451
0.049251
0.099172
0.195007
0.392466
0.779862

Add Numbers Recursive

0.000219
0.000409
0.001348
0.001541
0.003112
0.006352
0.013860
0.024630
0.048870
0.097780
0.206418
0.394954
0.781351

Add Numbers Reduce
0.000285
0.000774
0.000757
0.001650
0.003209
0.006158
0.013280
0.024285
0.048597
0.097532
0.194319
0.391344
0.773553
P: 8
Add Numbers Naive
0.000510
0.000752
0.000520
0.000964
0.002907
0.006386
0.012553
0.028952
0.048501
0.096594
0.200876
0.391226
0.786588

Add Numbers Recursive

0.001253
0.000685
0.001270
0.001623
0.006509
0.009273
0.017211
0.024552
0.048687
0.098073
0.197740
0.404024
0.777677

Add Numbers Reduce
0.000325
0.000206
0.001236
0.001702
0.004232
0.009753
0.010414
0.026624
0.048895
0.101571
0.198136
0.390555
0.817168
