P: 2
Add Numbers Naive
0.000377
0.000738
0.001764
0.003417
0.004804
0.009584
0.019165
0.038325
0.076201
0.153926
0.306317
0.611038
1.223705

Add Numbers Recursive

0.000301
0.000702
0.001565
0.003013
0.006079
0.009579
0.019124
0.038418
0.076306
0.152652
0.305858
0.615069
1.232871

Add Numbers Reduce
0.000393
0.000710
0.001456
0.002455
0.004786
0.009561
0.019323
0.038278
0.076386
0.152824
0.307235
0.616261
1.244378
P: 4
Add Numbers Naive
0.000286
0.000397
0.000769
0.001605
0.003283
0.006244
0.012354
0.024984
0.049373
0.098360
0.198913
0.399038
0.787952

Add Numbers Recursive

0.000202
0.000956
0.000802
0.001564
0.003086
0.006235
0.012504
0.024432
0.049440
0.097951
0.198775
0.395172
0.791751

Add Numbers Reduce
0.000197
0.000431
0.000789
0.001638
0.003114
0.009470
0.012231
0.034722
0.056387
0.097133
0.193569
0.408914
0.781363
P: 8
Add Numbers Naive
0.000531
0.000478
0.000415
0.000835
0.002813
0.009200
0.019089
0.027537
0.050138
0.113186
0.194977
0.390544
0.788984

Add Numbers Recursive

0.000478
0.000744
0.001345
0.002395
0.004845
0.003348
0.018274
0.028936
0.049141
0.098114
0.196439
0.399722
0.835008

Add Numbers Reduce
0.000561
0.000789
0.000897
0.002195
0.006853
0.006549
0.012420
0.024432
0.055538
0.103367
0.208365
0.387707
0.822037
