P: 2
Add Numbers Naive
0.000442
0.000592
0.001189
0.002407
0.004801
0.009596
0.019140
0.038331
0.076211
0.154740
0.304419
0.613292
1.225774

Add Numbers Recursive

0.000582
0.000799
0.001720
0.002371
0.004765
0.009533
0.018964
0.037910
0.076376
0.151399
0.304786
0.608338
1.217968

Add Numbers Reduce
0.000394
0.000888
0.001581
0.002400
0.004809
0.009625
0.019168
0.038284
0.076587
0.153904
0.306059
0.614904
1.224321
P: 4
Add Numbers Naive
0.000218
0.000382
0.000747
0.001617
0.003180
0.006158
0.013901
0.024783
0.048763
0.097523
0.194858
0.399367
0.776501

Add Numbers Recursive

0.000196
0.000391
0.000776
0.001625
0.003156
0.006210
0.012255
0.024572
0.051782
0.098864
0.214971
0.392984
0.786699

Add Numbers Reduce
0.000246
0.000381
0.001436
0.001675
0.003078
0.006136
0.012296
0.024267
0.048477
0.102416
0.194483
0.386497
0.778035
P: 8
Add Numbers Naive
0.000102
0.000914
0.001251
0.003410
0.001646
0.009702
0.016235
0.025881
0.048998
0.096878
0.198106
0.388593
0.795360

Add Numbers Recursive

0.001370
0.000623
0.001122
0.001684
0.002811
0.013510
0.019547
0.031611
0.048376
0.097278
0.195205
0.394827
0.793676

Add Numbers Reduce
0.000394
0.000680
0.001327
0.002486
0.003469
0.009189
0.012830
0.036256
0.059087
0.096392
0.195036
0.389813
0.793187
P: 16
Add Numbers Naive
0.000102
0.000389
0.000959
0.001598
0.002663
0.008427
0.013519
0.031474
0.048212
0.102587
0.215130
0.390403
0.779611

Add Numbers Recursive

0.001001
0.001769
0.001442
0.003022
0.004238
0.006836
0.016652
0.037366
0.048622
0.104547
0.195225
0.404633
1.221056

Add Numbers Reduce
0.000566
0.001078
0.000919
0.001563
0.002913
0.009124
0.018534
0.028100
0.048877
0.101035
0.203215
0.392726
0.779478
