P: 2
Add Numbers Naive
0.000389
0.001033
0.001464
0.002567
0.004960
0.009586
0.019036
0.046813
0.076156
0.154282
0.306844
0.612414
1.246224

Add Numbers Recursive

0.000371
0.001198
0.001188
0.002416
0.006045
0.010789
0.020034
0.038166
0.076613
0.152569
0.305309
0.611546
1.220358

Add Numbers Reduce
0.000482
0.000755
0.001861
0.002858
0.004776
0.012018
0.019186
0.038316
0.076432
0.152883
0.306795
0.613033
1.223319
P: 4
Add Numbers Naive
0.000205
0.000374
0.000775
0.001671
0.003734
0.006248
0.012465
0.024624
0.051212
0.098443
0.199500
0.393266
0.785694

Add Numbers Recursive

0.000402
0.000391
0.000771
0.001739
0.003147
0.006290
0.012347
0.025220
0.058681
0.099056
0.207453
0.396911
0.789490

Add Numbers Reduce
0.000238
0.000399
0.000837
0.001730
0.003205
0.006143
0.012314
0.024794
0.048654
0.107353
0.193694
0.431739
0.775650
P: 8
Add Numbers Naive
0.000280
0.000667
0.000486
0.002405
0.002568
0.009434
0.016403
0.027251
0.052249
0.099940
0.247161
0.395268
0.783464

Add Numbers Recursive

0.000382
0.000848
0.001555
0.002688
0.004721
0.006415
0.012448
0.026320
0.068895
0.109273
0.194596
0.399804
0.796741

Add Numbers Reduce
0.000586
0.000982
0.001353
0.002294
0.004916
0.008233
0.012445
0.024457
0.069527
0.098227
0.208425
0.403190
0.819522
