P: 2
0.017381
0.036070
0.065642
0.137087
0.284017
0.586431
1.213601
2.500175
5.134554
10.603687
22.010775
45.451538

-

P: 4
0.016889
0.034582
0.071352
0.150224
0.311632
0.643332
1.303628
2.638607
5.533250
11.117033
23.163490
47.393209

-

P: 8
0.028488
0.055424
0.141059
0.255890
0.518070
0.754093
1.590975
3.279617
6.731597
13.672921
28.261215
56.290789

-

P: 16
0.044750
0.144574
0.166826
0.322241
0.652538
1.182934
2.309630
4.627181
9.358123
18.739320
38.570059
77.561898

-

P: 32
0.100326
0.137774
0.279882
0.495115
0.978626
1.950069
4.012700
8.001625
15.675853
29.819604
60.159355
121.931464
