School Method changing size of problem and threads: 
0.00467385
0.0241846
0.0754723
0.298541
1.17907
4.70942
18.864
--
1
 
0.00235582
0.00997685
0.0684708
0.149767
0.615691
2.36453
9.52043
--
2
 
0.00222546
0.00910586
0.033442
0.133628
0.53621
2.14129
8.57643
--
4
 
0.00228095
0.00919742
0.0344843
0.133777
0.535793
2.14706
8.57816
--
8
 
0.00257449
0.00927973
0.0337852
0.133644
0.53706
2.14966
8.57008
--
16
 

Karatsuba Method changing number of threads and size: 
0.00869528
0.0250423
0.0703828
0.195823
0.506459
1.47302
4.39404
--
1
 
0.011958
0.0224731
0.0603751
0.172887
0.511564
1.51661
4.49971
--
2
 
0.0165868
0.0290358
0.0664368
0.173897
0.522004
1.58884
4.64765
--
4
 
0.420957
0.417112
0.466027
0.560788
0.984732
2.1143
5.50956
--
8
 
