School Method changing size of problem and threads: 
0.00506692
0.0216584
0.0747648
0.297283
1.17935
4.72561
18.8585
--
1
 
0.00231135
0.0116799
0.0381516
0.148234
0.592679
2.38872
9.49493
--
2
 
0.00219461
0.00926969
0.0334218
0.133342
0.534496
2.14448
8.57421
--
4
 
0.00227093
0.00921371
0.0340795
0.133627
0.537279
2.13963
8.56929
--
8
 
0.00243097
0.0100312
0.0347655
0.135468
0.533878
2.13847
8.56549
--
16
 

Karatsuba Method changing number of threads and size: 
0.00900707
0.0392815
0.0729899
0.214078
0.639565
1.91625
5.78193
--
1
 
0.00966001
0.0272503
0.0627017
0.198113
0.559311
1.64902
4.90595
--
2
 
0.0106114
0.0246641
0.0675347
0.181528
0.542219
1.59492
4.63016
--
4
 
0.199492
0.207783
0.242754
0.352935
0.701618
1.7837
4.84916
--
8
 
