School Method changing size of problem and threads: 
0.00461659
0.0211128
0.0761153
0.298027
1.17923
4.72216
18.8342
--
1
 
0.00434365
0.0100779
0.0383409
0.169604
0.617065
2.35973
9.45554
--
2
 
0.00228484
0.00927618
0.0334385
0.133444
0.534897
2.13819
8.57115
--
4
 
0.00232909
0.0097125
0.0337936
0.134442
0.536569
2.13678
8.57154
--
8
 
0.0025552
0.00899413
0.0338956
0.135428
0.54406
2.14144
8.55427
--
16
 

Karatsuba Method changing number of threads and size: 
0.00819988
0.0261496
0.0712981
0.238586
0.640377
1.94562
5.77008
17.2362
--
1
 
0.00792061
0.0224144
0.062092
0.207194
0.550164
1.63214
4.88484
14.6579
--
2
 
0.0109689
0.0248478
0.0674171
0.186757
0.540314
1.57951
4.57656
13.7235
--
4
 
0.200542
0.209693
0.23963
0.353754
0.710019
1.77063
4.85847
13.9874
--
8
 
