FFT Method changing size of problem and threads: 
--
1
0.030531
0.0621086
0.129865
0.285922
0.603185
1.27726
2.67435
5.5821
11.615
24.1736
 
--
2
0.0266122
0.038582
0.0756818
0.184241
0.378726
0.740841
1.51149
3.15774
6.55622
13.5464
 
--
4
0.0181622
0.0334268
0.0646597
0.144124
0.303118
0.642522
1.29453
2.68764
5.90016
11.7132
 
--
8
0.0234059
0.0348014
0.0707912
0.15786
0.318957
0.668999
1.37276
2.84733
5.96258
12.2761
 
--
16
0.0223404
0.0402809
0.0789841
0.168271
0.351591
0.718517
1.46845
3.01494
6.39585
13.1473
 
