School Method changing size of problem and threads: 
0.00466181
0.0187027
0.0750763
0.295585
1.179
4.70996
18.8797
0.00236944
0.0100337
0.0376793
0.166791
0.59043
2.37762
9.59112
0.00218252
0.008521
0.0347834
0.133432
0.534433
2.13951
8.56732
0.00239159
0.00900366
0.0336359
0.133438
0.544165
2.13689
8.5648
0.00245799
0.00980027
0.0343613
0.136575
0.534652
2.13775
8.55145

Karatsuba Method changing number of threads and size: 
0.0109014
0.0319819
0.0828139
0.239973
0.70917
1.94975
5.76058
0.0103121
0.0266865
0.0780158
0.214659
0.652682
1.9711
5.74167
0.0160427
0.0343775
0.0846246
0.23102
0.709773
2.19744
6.32779
0.394578
0.41875
0.479463
0.658061
1.2665
2.95238
8.59996
