School Method changing size of problem and threads: 
0.00467371
0.0216977
0.075046
0.297658
1.17742
4.7213
18.8549
--
1
 
0.0042328
0.00979527
0.0370683
0.14748
0.591356
2.39507
9.49411
--
2
 
0.00231602
0.00891673
0.0334506
0.134205
0.534705
2.14306
8.57282
--
4
 
0.00236647
0.00901242
0.0336668
0.135282
0.537322
2.15579
8.56366
--
8
 
0.00260466
0.00984955
0.0336938
0.133997
0.53486
2.15348
8.56261
--
16
 

Karatsuba Method changing number of threads and size: 
0.0108838
0.0317832
0.0930818
0.237633
0.670842
1.94439
5.73339
--
1
 
0.0117624
0.0272618
0.0763652
0.222732
0.651368
1.94897
5.76466
--
2
 
0.017021
0.0325862
0.0826851
0.229328
0.753642
2.20913
6.46614
--
4
 
0.404849
0.412595
0.489069
0.623156
1.19474
3.02742
7.49161
--
8
 
