P: 1
Row Division running
0.002113
0.006431
0.017479
0.070173
0.272381
1.088590
4.340923
17.403694
69.566916

Col Division running

0.002624
0.007324
0.025888
0.107524
1.018256
5.319183
21.865534
88.336097
379.078725

Block Division running
0.001148
0.007424
0.020773
0.067705
0.271589
1.091273
4.346137
17.366999
69.490681
P: 4
Row Division running
0.001259
0.002479
0.017902
0.033670
0.138899
0.533224
2.174926
8.523229
33.895759

Col Division running

0.001893
0.002662
0.009585
0.053789
0.423423
2.519843
11.166487
46.899947
197.432966

Block Division running
0.001140
0.002585
0.008920
0.033521
0.133221
0.538908
2.142339
8.509205
33.957784
P: 16
Row Division running
0.006181
0.008542
0.021461
0.056403
0.169532
0.675465
2.418267
8.902495
35.008411

Col Division running

0.010729
0.011322
0.027487
0.058836
0.311958
1.135899
9.531073
42.228468
181.936508

Block Division running
0.021587
0.039482
0.046834
0.088842
0.217912
0.630953
2.424544
9.135908
36.062202
