changing number of number of threads and size of string for trivial reduction: 
1
---
0.0951585
0.190208
0.381379
0.766801
1.52584
3.05314
6.10252
12.1877
24.371
 
2
---
0.151554
0.379032
0.639194
1.18654
2.56414
4.81849
10.2595
20.474
39.3971
 
4
---
0.147417
0.304946
0.592206
1.24695
2.42965
4.9464
9.94302
21.7893
38.2472
 
8
---
0.055099
0.135802
0.254395
0.483966
1.11851
1.95701
5.17535
8.42452
21.9614
 
16
---
0.056004
0.122222
0.214505
0.423335
0.872975
1.84773
3.38452
6.91881
14.1401
 
changing number of number of threads and size of string for binary reduction: 
1
---
0.0951045
0.190261
0.380873
0.76243
1.52881
3.04785
6.10102
12.1917
24.388
 
2
---
0.150483
0.319899
0.602084
1.23924
2.97994
4.86998
11.6401
19.7765
39.5911
 
4
---
0.171628
0.301043
0.613455
1.24606
2.42847
4.94126
9.84731
19.9063
38.9483
 
8
---
0.0640809
0.139113
0.315535
0.485308
0.950576
2.51196
4.89902
10.8117
19.7141
 
16
---
0.0546069
0.113427
0.204989
0.438351
0.89327
1.73655
3.71005
7.06347
14.0624
 
