changing number of number of threads and size of string for trivial reduction: 
1
---
0.0667342
0.133279
0.269627
0.534183
1.06878
2.14476
4.27415
8.53386
17.0792
 
2
---
0.102658
0.218787
0.421098
0.954595
1.83932
3.40098
7.40514
13.2045
28.1154
 
4
---
0.090998
0.182675
0.356622
0.674769
1.41009
2.84678
5.38662
11.3803
22.4097
 
8
---
0.0564075
0.124177
0.201836
0.380709
0.75874
1.55334
3.41426
7.4877
13.9983
 
16
---
0.0388016
0.0736345
0.151989
0.315029
0.613463
1.20848
2.35609
4.82608
10.4248
 
changing number of number of threads and size of string for binary reduction: 
1
---
0.0669148
0.133272
0.267073
0.534042
1.06967
2.13666
4.28698
8.55543
17.0747
 
2
---
0.110197
0.221255
0.476018
0.875125
1.75742
3.50399
7.02055
14.065
28.1407
 
4
---
0.0877716
0.174909
0.359671
0.70533
1.40727
2.83929
5.61457
11.3752
22.4767
 
8
---
0.0630864
0.0981263
0.203855
0.425262
0.821666
1.73611
3.15164
6.71609
12.3742
 
16
---
0.0392617
0.0852892
0.160921
0.312008
0.684296
1.22103
2.53399
4.96208
10.3855
 
