changing number of number of threads and size of string for trivial reduction: 
1
---
0.0422315
0.0842927
0.168942
0.339279
0.675413
1.35031
2.69734
5.4011
10.7962
 
2
---
0.0565265
0.117974
0.241586
0.471072
1.053
2.12842
5.17573
8.50016
15.0771
 
4
---
0.0668053
0.151659
0.258241
0.585674
1.01157
2.4153
4.04154
9.65983
18.7059
 
8
---
0.0487475
0.100309
0.159959
0.365598
0.731164
1.38222
2.70692
5.7187
10.4807
 
16
---
0.0380444
0.0773455
0.14693
0.286804
0.572136
1.19993
2.35637
4.71307
9.78991
 
changing number of number of threads and size of string for binary reduction: 
1
---
0.0424962
0.0843077
0.168989
0.337903
0.674925
1.35048
2.69857
5.39907
10.7942
 
2
---
0.056186
0.130021
0.22574
0.470098
0.900937
2.12777
5.15159
7.5397
20.5927
 
4
---
0.0770571
0.153547
0.294551
0.601943
1.01504
2.40873
4.66327
9.65285
18.5775
 
8
---
0.0393312
0.118295
0.157041
0.338397
0.671906
1.39771
2.51405
4.98042
11.4872
 
16
---
0.0387948
0.0704546
0.146007
0.301671
0.584285
1.23271
2.30852
4.5669
9.53863
 
