changing number of number of threads and size of string for trivial reduction: 
1
---
0.0421552
0.0842987
0.16908
0.337943
0.675515
1.35148
2.69931
5.40049
10.8007
 
2
---
0.0818303
0.112657
0.235859
0.448372
1.0659
1.76424
3.59195
7.5337
14.3936
 
4
---
0.0747662
0.149871
0.295212
0.606043
1.16825
2.41401
4.65141
9.55247
16.0726
 
8
---
0.040559
0.0900889
0.197533
0.305346
0.659372
1.43666
2.72263
5.4154
11.5971
 
16
---
0.0363601
0.0721318
0.149282
0.291119
0.57265
1.1786
2.32315
4.61826
9.33172
 
changing number of number of threads and size of string for binary reduction: 
1
---
0.0428337
0.0843133
0.169177
0.337487
0.67492
1.35113
2.69893
12.2841
10.8136
 
2
---
0.0564308
0.117406
0.265506
0.63844
0.907932
2.12935
5.34375
7.53419
20.4151
 
4
---
0.074854
0.148668
0.304037
0.506437
1.21378
2.41556
3.99763
9.65637
18.6628
 
8
---
0.0478003
0.105592
0.174853
0.374908
0.734716
1.44243
2.89429
5.88596
12.0281
 
16
---
0.0419639
0.0848873
0.154274
0.30869
0.580921
1.16203
2.28305
4.82503
9.25221
 
